0 25
25 0
0 26
26 0
0 27
27 0
1 25
25 1
1 28
28 1
2 29
29 2
2 25
25 2
2 30
30 2
3 25
25 3
3 31
31 3
3 32
32 3
4 29
29 4
4 25
25 4
4 32
32 4
5 25
25 5
5 33
33 5
5 34
34 5
5 35
35 5
6 33
33 6
6 27
27 6
6 34
34 6
7 36
36 7
7 33
33 7
7 37
37 7
7 34
34 7
8 25
25 8
8 38
38 8
9 29
29 9
9 25
25 9
9 38
38 9
10 33
33 10
10 27
27 10
11 25
25 11
11 33
33 11
11 26
26 11
11 38
38 11
12 29
29 12
12 25
25 12
12 33
33 12
12 35
35 12
12 28
28 12
12 31
31 12
12 30
30 12
13 29
29 13
13 25
25 13
13 39
39 13
13 31
31 13
13 30
30 13
14 29
29 14
14 25
25 14
14 39
39 14
14 37
37 14
14 32
32 14
15 29
29 15
15 25
25 15
15 26
26 15
15 35
35 15
15 28
28 15
15 30
30 15
16 33
33 16
16 38
38 16
16 28
28 16
16 31
31 16
16 30
30 16
17 36
36 17
17 25
25 17
17 33
33 17
17 27
27 17
17 38
38 17
18 29
29 18
18 25
25 18
18 33
33 18
18 35
35 18
18 30
30 18
19 25
25 19
19 33
33 19
19 37
37 19
20 25
25 20
20 37
37 20
20 30
30 20
21 29
29 21
21 25
25 21
21 39
39 21
21 30
30 21
22 36
36 22
22 25
25 22
22 33
33 22
22 39
39 22
22 30
30 22
23 29
29 23
23 25
25 23
23 31
31 23
24 29
29 24
24 25
25 24
24 28
28 24
