AdjacencyGraph
40
190
0
3
5
8
11
14
18
21
25
27
30
32
36
43
48
53
59
64
69
74
77
80
84
89
92
95
116
119
123
128
139
148
153
156
167
170
174
177
181
186
25
26
27
25
28
25
29
30
25
31
32
25
29
32
25
33
34
35
27
33
34
33
34
36
37
25
38
25
29
38
27
33
25
26
33
38
25
28
29
30
31
33
35
25
29
30
31
39
25
29
32
37
39
25
26
28
29
30
35
28
30
31
33
38
25
27
33
36
38
25
29
30
33
35
25
33
37
25
30
37
25
29
30
39
25
30
33
36
39
25
29
31
25
28
29
0
1
2
3
4
5
8
9
11
12
13
14
15
17
18
19
20
21
22
23
24
0
11
15
0
6
10
17
1
12
15
16
24
2
4
9
12
13
14
15
18
21
23
24
2
12
13
15
16
18
20
21
22
3
12
13
16
23
3
4
14
5
6
7
10
11
12
16
17
18
19
22
5
6
7
5
12
15
18
7
17
22
7
14
19
20
8
9
11
16
17
13
14
21
22
